>D_dmel /name=D_Dmel /info=2.944 /gc_content=0.304 /consensus=TACAATGGTT /size=10 
0.001	0.001	0.001	0.997	
0.997	0.001	0.001	0.001	
0.001	0.997	0.001	0.001	
0.768	0.001	0.001	0.230	
0.997	0.001	0.001	0.001	
0.001	0.001	0.001	0.997	
0.001	0.001	0.997	0.001	
0.001	0.001	0.997	0.001	
0.001	0.001	0.001	0.997	
0.001	0.038	0.001	0.960	
>SoxN_dmel /name=SoxN_dmel /info=2.041 /gc_content=0.345 /consensus=CCWTTGTT /size=8 
0.001	0.997	0.001	0.001	
0.247	0.736	0.001	0.016	
0.278	0.001	0.001	0.720	
0.001	0.001	0.001	0.997	
0.001	0.001	0.001	0.997	
0.001	0.001	0.997	0.001	
0.001	0.001	0.001	0.997	
0.248	0.015	0.001	0.736
>D_dsim /name=D_dsim /info=2.080 /gc_content=0.246 /consensus=TBATTGTT /size=8 
0.001	0.024	0.001	0.974	
0.001	0.309	0.412	0.278	
0.997	0.001	0.001	0.001	
0.001	0.217	0.001	0.781	
0.001	0.001	0.001	0.997	
0.001	0.001	0.997	0.001	
0.001	0.001	0.001	0.997	
0.001	0.001	0.001	0.997	
>SoxN_dsim /name=SoxN_dsim /info=1.893 /gc_content=0.237 /consensus=CTTTGTTT /size=8 
0.034	0.592	0.149	0.225	
0.171	0.001	0.023	0.805	
0.001	0.066	0.001	0.932	
0.001	0.001	0.001	0.997	
0.041	0.072	0.886	0.001	
0.021	0.001	0.001	0.977	
0.001	0.034	0.048	0.917	
0.028	0.001	0.021	0.950
>D_dyak /name=D_dyak /info=1.855 /gc_content=0.403 /consensus=TACAATGG /size=8 
0.001	0.058	0.119	0.822	
0.804	0.063	0.050	0.083	
0.001	0.910	0.001	0.088	
0.960	0.019	0.020	0.001	
0.921	0.001	0.047	0.031	
0.109	0.024	0.001	0.866	
0.001	0.111	0.845	0.043	
0.015	0.001	0.956	0.028
>D_dpse /name=D_dpse /info=1.850 /gc_content=0.295 /consensus=ACAATAGA /size=8 
0.902	0.039	0.027	0.032	
0.001	0.961	0.037	0.001	
0.944	0.054	0.001	0.001	
0.971	0.001	0.027	0.001	
0.102	0.001	0.034	0.863	
0.847	0.001	0.093	0.059	
0.055	0.025	0.858	0.062	
0.728	0.143	0.056	0.073	
